1	1	1	0.000000	0.000000	0.000000	0.000000	0.000000
2	1	2	0.000027	0.000036	0.000027	0.000036	0.000009
3	1	3	0.000049	0.000042	0.000022	0.000006	0.000016
4	1	4	0.000066	0.000047	0.000017	0.000005	0.000012
5	1	5	0.000080	0.000053	0.000014	0.000006	0.000008
6	1	6	0.000092	0.000059	0.000012	0.000006	0.000006
7	1	7	0.000104	0.000010	0.000012	-0.000049	0.000061
8	1	8	0.000118	0.000024	0.000014	0.000014	0.000000
9	1	9	0.000131	0.000037	0.000013	0.000013	0.000000
10	1	10	0.000146	0.000052	0.000015	0.000015	0.000000
11	1	11	0.000162	0.000067	0.000016	0.000015	0.000001
12	1	12	0.000176	0.000080	0.000014	0.000013	0.000001
13	1	13	0.000195	0.000100	0.000019	0.000020	0.000001
14	1	14	0.000208	0.000112	0.000013	0.000012	0.000001
15	1	15	0.000225	0.000129	0.000017	0.000017	0.000000
16	1	16	0.000237	0.000141	0.000012	0.000012	0.000000
17	1	17	0.000250	0.000156	0.000013	0.000015	0.000002
18	1	18	0.000264	0.000169	0.000014	0.000013	0.000001
19	2	1	0.288070	0.287985	0.000000	0.000000	0.000000
20	2	2	0.288148	0.288052	0.000078	0.000067	0.000011
21	2	3	0.288168	0.288071	0.000020	0.000019	0.000001
22	2	4	0.288185	0.288088	0.000017	0.000017	0.000000
23	2	5	0.288200	0.288103	0.000015	0.000015	0.000000
24	2	6	0.288215	0.288117	0.000015	0.000014	0.000001
25	2	7	0.288227	0.288129	0.000012	0.000012	0.000000
26	2	8	0.288237	0.288139	0.000010	0.000010	0.000000
27	2	9	0.288247	0.288149	0.000010	0.000010	0.000000
28	2	10	0.288257	0.288160	0.000010	0.000011	0.000001
29	2	11	0.288266	0.288168	0.000009	0.000008	0.000001
30	2	12	0.288274	0.288176	0.000008	0.000008	0.000000
31	2	13	0.288281	0.288183	0.000007	0.000007	0.000000
32	2	14	0.288289	0.288191	0.000008	0.000008	0.000000
33	2	15	0.288297	0.288199	0.000008	0.000008	0.000000
34	2	16	0.288304	0.288206	0.000007	0.000007	0.000000
35	2	17	0.288311	0.288213	0.000007	0.000007	0.000000
36	2	18	0.288319	0.288221	0.000008	0.000008	0.000000
37	3	1	0.576495	0.576418	0.000000	0.000000	0.000000
38	3	2	0.576647	0.576605	0.000152	0.000187	0.000035
39	3	3	0.576739	0.576646	0.000092	0.000041	0.000051
40	3	4	0.576775	0.576681	0.000036	0.000035	0.000001
41	3	5	0.576794	0.576702	0.000019	0.000021	0.000002
42	3	6	0.576810	0.576715	0.000016	0.000013	0.000003
43	3	7	0.576824	0.576729	0.000014	0.000014	0.000000
44	3	8	0.576841	0.576747	0.000017	0.000018	0.000001
45	3	9	0.576855	0.576761	0.000014	0.000014	0.000000
46	3	10	0.576870	0.576776	0.000015	0.000015	0.000000
47	3	11	0.576885	0.576790	0.000015	0.000014	0.000001
48	3	12	0.576898	0.576802	0.000013	0.000012	0.000001
49	3	13	0.576910	0.576815	0.000012	0.000013	0.000001
50	3	14	0.576927	0.576832	0.000017	0.000017	0.000000
51	3	15	0.576941	0.576845	0.000014	0.000013	0.000001
52	3	16	0.576957	0.576862	0.000016	0.000017	0.000001
53	3	17	0.576970	0.576875	0.000013	0.000013	0.000000
54	3	18	0.576986	0.576891	0.000016	0.000016	0.000000
55	4	1	0.865166	0.865085	0.000000	0.000000	0.000000
56	4	2	0.865209	0.865115	0.000043	0.000030	0.000013
57	4	3	0.865230	0.865135	0.000021	0.000020	0.000001
58	4	4	0.865245	0.865151	0.000015	0.000016	0.000001
59	4	5	0.865259	0.865164	0.000014	0.000013	0.000001
60	4	6	0.865273	0.865177	0.000014	0.000013	0.000001
61	4	7	0.865285	0.865190	0.000012	0.000013	0.000001
62	4	8	0.865298	0.865205	0.000013	0.000015	0.000002
63	4	9	0.865313	0.865219	0.000015	0.000014	0.000001
64	4	10	0.865328	0.865234	0.000015	0.000015	0.000000
65	4	11	0.865342	0.865248	0.000014	0.000014	0.000000
66	4	12	0.865356	0.865261	0.000014	0.000013	0.000001
67	4	13	0.865374	0.865281	0.000018	0.000020	0.000002
68	4	14	0.865389	0.865295	0.000015	0.000014	0.000001
69	4	15	0.865410	0.865316	0.000021	0.000021	0.000000
70	4	16	0.865424	0.865330	0.000014	0.000014	0.000000
71	4	17	0.865442	0.865348	0.000018	0.000018	0.000000
72	4	18	0.865457	0.865362	0.000015	0.000014	0.000001
73	5	1	1.153644	1.153590	0.000000	0.000000	0.000000
74	5	2	1.153720	1.153628	0.000076	0.000038	0.000038
75	5	3	1.153740	1.153646	0.000020	0.000018	0.000002
76	5	4	1.153758	1.153664	0.000018	0.000018	0.000000
77	5	5	1.153772	1.153678	0.000014	0.000014	0.000000
78	5	6	1.153788	1.153694	0.000016	0.000016	0.000000
79	5	7	1.153802	1.153707	0.000014	0.000013	0.000001
80	5	8	1.153816	1.153721	0.000014	0.000014	0.000000
81	5	9	1.153830	1.153735	0.000014	0.000014	0.000000
82	5	10	1.153848	1.153754	0.000018	0.000019	0.000001
83	5	11	1.153863	1.153769	0.000015	0.000015	0.000000
84	5	12	1.153883	1.153788	0.000020	0.000019	0.000001
85	5	13	1.153897	1.153802	0.000014	0.000014	0.000000
86	5	14	1.153916	1.153821	0.000019	0.000019	0.000000
87	5	15	1.153929	1.153834	0.000013	0.000013	0.000000
88	5	16	1.153947	1.153852	0.000018	0.000018	0.000000
89	5	17	1.153960	1.153865	0.000013	0.000013	0.000000
90	5	18	1.153978	1.153883	0.000018	0.000018	0.000000
91	6	1	1.442145	1.442067	0.000000	0.000000	0.000000
92	6	2	1.442192	1.442098	0.000047	0.000031	0.000016
93	6	3	1.442212	1.442117	0.000020	0.000019	0.000001
94	6	4	1.442229	1.442134	0.000017	0.000017	0.000000
95	6	5	1.442242	1.442147	0.000013	0.000013	0.000000
96	6	6	1.442256	1.442161	0.000014	0.000014	0.000000
97	6	7	1.442270	1.442174	0.000014	0.000013	0.000001
98	6	8	1.442282	1.442187	0.000012	0.000013	0.000001
99	6	9	1.442295	1.442199	0.000013	0.000012	0.000001
100	6	10	1.442308	1.442213	0.000013	0.000014	0.000001
101	6	11	1.442321	1.442225	0.000013	0.000012	0.000001
102	6	12	1.442333	1.442238	0.000012	0.000013	0.000001
103	6	13	1.442347	1.442251	0.000014	0.000013	0.000001
104	6	14	1.442364	1.442270	0.000017	0.000019	0.000002
105	6	15	1.442378	1.442283	0.000014	0.000013	0.000001
106	6	16	1.442399	1.442304	0.000021	0.000021	0.000000
107	6	17	1.442412	1.442317	0.000013	0.000013	0.000000
108	6	18	1.442430	1.442335	0.000018	0.000018	0.000000
109	7	1	1.730603	1.730523	0.000000	0.000000	0.000000
110	7	2	1.730646	1.730582	0.000043	0.000059	0.000016
111	7	3	1.730694	1.730600	0.000048	0.000018	0.000030
112	7	4	1.730710	1.730616	0.000016	0.000016	0.000000
113	7	5	1.730724	1.730629	0.000014	0.000013	0.000001
114	7	6	1.730738	1.730643	0.000014	0.000014	0.000000
115	7	7	1.730751	1.730655	0.000013	0.000012	0.000001
116	7	8	1.730764	1.730668	0.000013	0.000013	0.000000
117	7	9	1.730776	1.730681	0.000012	0.000013	0.000001
118	7	10	1.730789	1.730694	0.000013	0.000013	0.000000
119	7	11	1.730807	1.730713	0.000018	0.000019	0.000001
120	7	12	1.730821	1.730726	0.000014	0.000013	0.000001
121	7	13	1.730841	1.730747	0.000020	0.000021	0.000001
122	7	14	1.730855	1.730760	0.000014	0.000013	0.000001
123	7	15	1.730871	1.730776	0.000016	0.000016	0.000000
124	7	16	1.730885	1.730789	0.000014	0.000013	0.000001
125	7	17	1.730900	1.730806	0.000015	0.000017	0.000002
126	7	18	1.730914	1.730818	0.000014	0.000012	0.000002
127	8	1	2.019095	2.019014	0.000000	0.000000	0.000000
128	8	2	2.019139	2.019047	0.000044	0.000033	0.000011
129	8	3	2.019160	2.019065	0.000021	0.000018	0.000003
130	8	4	2.019175	2.019080	0.000015	0.000015	0.000000
131	8	5	2.019189	2.019093	0.000014	0.000013	0.000001
132	8	6	2.019202	2.019108	0.000013	0.000015	0.000002
133	8	7	2.019216	2.019122	0.000014	0.000014	0.000000
134	8	8	2.019230	2.019135	0.000014	0.000013	0.000001
135	8	9	2.019243	2.019149	0.000013	0.000014	0.000001
136	8	10	2.019257	2.019162	0.000014	0.000013	0.000001
137	8	11	2.019270	2.019175	0.000013	0.000013	0.000000
138	8	12	2.019284	2.019189	0.000014	0.000014	0.000000
139	8	13	2.019307	2.019213	0.000023	0.000024	0.000001
140	8	14	2.019322	2.019226	0.000015	0.000013	0.000002
141	8	15	2.019342	2.019247	0.000020	0.000021	0.000001
142	8	16	2.019355	2.019260	0.000013	0.000013	0.000000
143	8	17	2.019373	2.019278	0.000018	0.000018	0.000000
144	8	18	2.019387	2.019291	0.000014	0.000013	0.000001
145	9	1	2.307199	2.307115	0.000000	0.000000	0.000000
146	9	2	2.307284	2.307187	0.000085	0.000072	0.000013
147	9	3	2.307305	2.307207	0.000021	0.000020	0.000001
148	9	4	2.307320	2.307222	0.000015	0.000015	0.000000
149	9	5	2.307335	2.307237	0.000015	0.000015	0.000000
150	9	6	2.307351	2.307253	0.000016	0.000016	0.000000
151	9	7	2.307366	2.307268	0.000015	0.000015	0.000000
152	9	8	2.307381	2.307283	0.000015	0.000015	0.000000
153	9	9	2.307395	2.307297	0.000014	0.000014	0.000000
154	9	10	2.307410	2.307312	0.000015	0.000015	0.000000
155	9	11	2.307423	2.307325	0.000013	0.000013	0.000000
156	9	12	2.307437	2.307339	0.000014	0.000014	0.000000
157	9	13	2.307451	2.307353	0.000014	0.000014	0.000000
158	9	14	2.307465	2.307368	0.000014	0.000015	0.000001
159	9	15	2.307480	2.307382	0.000015	0.000014	0.000001
160	9	16	2.307494	2.307397	0.000014	0.000015	0.000001
161	9	17	2.307509	2.307411	0.000015	0.000014	0.000001
162	9	18	2.307523	2.307425	0.000014	0.000014	0.000000
163	10	1	2.595713	2.595633	0.000000	0.000000	0.000000
164	10	2	2.595757	2.595665	0.000044	0.000032	0.000012
165	10	3	2.595778	2.595685	0.000021	0.000020	0.000001
166	10	4	2.595795	2.595701	0.000017	0.000016	0.000001
167	10	5	2.595810	2.595716	0.000015	0.000015	0.000000
168	10	6	2.595825	2.595732	0.000015	0.000016	0.000001
169	10	7	2.595840	2.595747	0.000015	0.000015	0.000000
170	10	8	2.595855	2.595761	0.000015	0.000014	0.000001
171	10	9	2.595869	2.595774	0.000014	0.000013	0.000001
172	10	10	2.595882	2.595788	0.000013	0.000014	0.000001
173	10	11	2.595907	2.595812	0.000025	0.000024	0.000001
174	10	12	2.595921	2.595826	0.000014	0.000014	0.000000
175	10	13	2.595938	2.595843	0.000017	0.000017	0.000000
176	10	14	2.595951	2.595857	0.000013	0.000014	0.000001
177	10	15	2.595967	2.595872	0.000016	0.000015	0.000001
178	10	16	2.595980	2.595885	0.000013	0.000013	0.000000
179	10	17	2.595995	2.595900	0.000015	0.000015	0.000000
180	10	18	2.596012	2.595916	0.000017	0.000016	0.000001
181	11	1	2.884153	2.884078	0.000000	0.000000	0.000000
182	11	2	2.884207	2.884115	0.000054	0.000037	0.000017
183	11	3	2.884228	2.884134	0.000021	0.000019	0.000002
184	11	4	2.884244	2.884150	0.000016	0.000016	0.000000
185	11	5	2.884259	2.884164	0.000015	0.000014	0.000001
186	11	6	2.884272	2.884178	0.000013	0.000014	0.000001
187	11	7	2.884286	2.884198	0.000014	0.000020	0.000006
188	11	8	2.884307	2.884213	0.000021	0.000015	0.000006
189	11	9	2.884321	2.884227	0.000014	0.000014	0.000000
190	11	10	2.884335	2.884241	0.000014	0.000014	0.000000
191	11	11	2.884349	2.884254	0.000014	0.000013	0.000001
192	11	12	2.884362	2.884268	0.000013	0.000014	0.000001
193	11	13	2.884377	2.884281	0.000015	0.000013	0.000002
194	11	14	2.884390	2.884296	0.000013	0.000015	0.000002
195	11	15	2.884405	2.884310	0.000015	0.000014	0.000001
196	11	16	2.884418	2.884323	0.000013	0.000013	0.000000
197	11	17	2.884432	2.884337	0.000014	0.000014	0.000000
198	11	18	2.884446	2.884352	0.000014	0.000015	0.000001
199	12	1	3.172599	3.172512	0.000000	0.000000	0.000000
200	12	2	3.172627	3.172529	0.000028	0.000017	0.000011
201	12	3	3.172648	3.172562	0.000021	0.000033	0.000012
202	12	4	3.172669	3.172572	0.000021	0.000010	0.000011
203	12	5	3.172682	3.172584	0.000013	0.000012	0.000001
204	12	6	3.172696	3.172598	0.000014	0.000014	0.000000
205	12	7	3.172708	3.172610	0.000012	0.000012	0.000000
206	12	8	3.172718	3.172620	0.000010	0.000010	0.000000
207	12	9	3.172729	3.172632	0.000011	0.000012	0.000001
208	12	10	3.172738	3.172640	0.000009	0.000008	0.000001
209	12	11	3.172747	3.172649	0.000009	0.000009	0.000000
210	12	12	3.172754	3.172656	0.000007	0.000007	0.000000
211	12	13	3.172762	3.172663	0.000008	0.000007	0.000001
212	12	14	3.172768	3.172670	0.000006	0.000007	0.000001
213	12	15	3.172775	3.172676	0.000007	0.000006	0.000001
214	12	16	3.172783	3.172684	0.000008	0.000008	0.000000
215	12	17	3.172789	3.172691	0.000006	0.000007	0.000001
216	12	18	3.172797	3.172699	0.000008	0.000008	0.000000
217	13	1	3.460727	3.460642	0.000000	0.000000	0.000000
218	13	2	3.460759	3.460662	0.000032	0.000020	0.000012
219	13	3	3.460779	3.460682	0.000020	0.000020	0.000000
220	13	4	3.460795	3.460697	0.000016	0.000015	0.000001
221	13	5	3.460809	3.460711	0.000014	0.000014	0.000000
222	13	6	3.460820	3.460723	0.000011	0.000012	0.000001
223	13	7	3.460832	3.460734	0.000012	0.000011	0.000001
224	13	8	3.460842	3.460744	0.000010	0.000010	0.000000
225	13	9	3.460851	3.460753	0.000009	0.000009	0.000000
226	13	10	3.460861	3.460763	0.000010	0.000010	0.000000
227	13	11	3.460871	3.460773	0.000010	0.000010	0.000000
228	13	12	3.460879	3.460781	0.000008	0.000008	0.000000
229	13	13	3.460887	3.460789	0.000008	0.000008	0.000000
230	13	14	3.460895	3.460797	0.000008	0.000008	0.000000
231	13	15	3.460903	3.460805	0.000008	0.000008	0.000000
232	13	16	3.460911	3.460813	0.000008	0.000008	0.000000
233	13	17	3.460920	3.460821	0.000009	0.000008	0.000001
234	13	18	3.460928	3.460829	0.000008	0.000008	0.000000
235	14	1	3.749135	3.749055	0.000000	0.000000	0.000000
236	14	2	3.749179	3.749085	0.000044	0.000030	0.000014
237	14	3	3.749198	3.749103	0.000019	0.000018	0.000001
238	14	4	3.749215	3.749120	0.000017	0.000017	0.000000
239	14	5	3.749229	3.749134	0.000014	0.000014	0.000000
240	14	6	3.749242	3.749149	0.000013	0.000015	0.000002
241	14	7	3.749258	3.749163	0.000016	0.000014	0.000002
242	14	8	3.749271	3.749178	0.000013	0.000015	0.000002
243	14	9	3.749286	3.749192	0.000015	0.000014	0.000001
244	14	10	3.749300	3.749206	0.000014	0.000014	0.000000
245	14	11	3.749314	3.749220	0.000014	0.000014	0.000000
246	14	12	3.749339	3.749245	0.000025	0.000025	0.000000
247	14	13	3.749353	3.749258	0.000014	0.000013	0.000001
248	14	14	3.749373	3.749279	0.000020	0.000021	0.000001
249	14	15	3.749387	3.749292	0.000014	0.000013	0.000001
250	14	16	3.749405	3.749311	0.000018	0.000019	0.000001
251	14	17	3.749419	3.749324	0.000014	0.000013	0.000001
252	14	18	3.749438	3.749343	0.000019	0.000019	0.000000
253	15	1	4.037604	4.037525	0.000000	0.000000	0.000000
254	15	2	4.037677	4.037585	0.000073	0.000060	0.000013
255	15	3	4.037698	4.037604	0.000021	0.000019	0.000002
256	15	4	4.037714	4.037620	0.000016	0.000016	0.000000
257	15	5	4.037728	4.037634	0.000014	0.000014	0.000000
258	15	6	4.037742	4.037649	0.000014	0.000015	0.000001
259	15	7	4.037758	4.037663	0.000016	0.000014	0.000002
260	15	8	4.037771	4.037677	0.000013	0.000014	0.000001
261	15	9	4.037785	4.037690	0.000014	0.000013	0.000001
262	15	10	4.037808	4.037714	0.000023	0.000024	0.000001
263	15	11	4.037823	4.037729	0.000015	0.000015	0.000000
264	15	12	4.037837	4.037742	0.000014	0.000013	0.000001
265	15	13	4.037850	4.037755	0.000013	0.000013	0.000000
266	15	14	4.037863	4.037768	0.000013	0.000013	0.000000
267	15	15	4.037877	4.037782	0.000014	0.000014	0.000000
268	15	16	4.037890	4.037795	0.000013	0.000013	0.000000
269	15	17	4.037903	4.037807	0.000013	0.000012	0.000001
270	15	18	4.037916	4.037821	0.000013	0.000014	0.000001
271	16	1	4.325721	4.325633	0.000000	0.000000	0.000000
272	16	2	4.325789	4.325693	0.000068	0.000060	0.000008
273	16	3	4.325809	4.325712	0.000020	0.000019	0.000001
274	16	4	4.325825	4.325728	0.000016	0.000016	0.000000
275	16	5	4.325840	4.325743	0.000015	0.000015	0.000000
276	16	6	4.325855	4.325758	0.000015	0.000015	0.000000
277	16	7	4.325870	4.325772	0.000015	0.000014	0.000001
278	16	8	4.325881	4.325783	0.000011	0.000011	0.000000
279	16	9	4.325891	4.325793	0.000010	0.000010	0.000000
280	16	10	4.325900	4.325802	0.000009	0.000009	0.000000
281	16	11	4.325910	4.325812	0.000010	0.000010	0.000000
282	16	12	4.325918	4.325820	0.000008	0.000008	0.000000
283	16	13	4.325926	4.325828	0.000008	0.000008	0.000000
284	16	14	4.325933	4.325835	0.000007	0.000007	0.000000
285	16	15	4.325940	4.325842	0.000007	0.000007	0.000000
286	16	16	4.325949	4.325851	0.000009	0.000009	0.000000
287	16	17	4.325956	4.325859	0.000007	0.000008	0.000001
288	16	18	4.325965	4.325867	0.000009	0.000008	0.000001
289	17	1	4.614139	4.614058	0.000000	0.000000	0.000000
290	17	2	4.614183	4.614089	0.000044	0.000031	0.000013
291	17	3	4.614203	4.614108	0.000020	0.000019	0.000001
292	17	4	4.614218	4.614124	0.000015	0.000016	0.000001
293	17	5	4.614232	4.614137	0.000014	0.000013	0.000001
294	17	6	4.614246	4.614153	0.000014	0.000016	0.000002
295	17	7	4.614262	4.614167	0.000016	0.000014	0.000002
296	17	8	4.614275	4.614181	0.000013	0.000014	0.000001
297	17	9	4.614289	4.614194	0.000014	0.000013	0.000001
298	17	10	4.614302	4.614207	0.000013	0.000013	0.000000
299	17	11	4.614315	4.614220	0.000013	0.000013	0.000000
300	17	12	4.614328	4.614233	0.000013	0.000013	0.000000
301	17	13	4.614349	4.614255	0.000021	0.000022	0.000001
302	17	14	4.614363	4.614267	0.000014	0.000012	0.000002
303	17	15	4.614382	4.614287	0.000019	0.000020	0.000001
304	17	16	4.614396	4.614301	0.000014	0.000014	0.000000
305	17	17	4.614413	4.614318	0.000017	0.000017	0.000000
306	17	18	4.614427	4.614331	0.000014	0.000013	0.000001
307	18	1	4.902610	4.902527	0.000000	0.000000	0.000000
308	18	2	4.902674	4.902582	0.000064	0.000055	0.000009
309	18	3	4.902696	4.902602	0.000022	0.000020	0.000002
310	18	4	4.902712	4.902617	0.000016	0.000015	0.000001
311	18	5	4.902725	4.902630	0.000013	0.000013	0.000000
312	18	6	4.902738	4.902643	0.000013	0.000013	0.000000
313	18	7	4.902751	4.902657	0.000013	0.000014	0.000001
314	18	8	4.902766	4.902671	0.000015	0.000014	0.000001
315	18	9	4.902779	4.902684	0.000013	0.000013	0.000000
316	18	10	4.902799	4.902704	0.000020	0.000020	0.000000
317	18	11	4.902813	4.902717	0.000014	0.000013	0.000001
318	18	12	4.902831	4.902736	0.000018	0.000019	0.000001
319	18	13	4.902844	4.902749	0.000013	0.000013	0.000000
320	18	14	4.902862	4.902768	0.000018	0.000019	0.000001
321	18	15	4.902876	4.902781	0.000014	0.000013	0.000001
322	18	16	4.902894	4.902799	0.000018	0.000018	0.000000
323	18	17	4.902907	4.902812	0.000013	0.000013	0.000000
324	18	18	4.902926	4.902831	0.000019	0.000019	0.000000
325	19	1	5.191092	5.191012	0.000000	0.000000	0.000000
326	19	2	5.191135	5.191042	0.000043	0.000030	0.000013
327	19	3	5.191156	5.191061	0.000021	0.000019	0.000002
328	19	4	5.191174	5.191079	0.000018	0.000018	0.000000
329	19	5	5.191187	5.191092	0.000013	0.000013	0.000000
330	19	6	5.191201	5.191106	0.000014	0.000014	0.000000
331	19	7	5.191214	5.191119	0.000013	0.000013	0.000000
332	19	8	5.191227	5.191134	0.000013	0.000015	0.000002
333	19	9	5.191243	5.191147	0.000016	0.000013	0.000003
334	19	10	5.191256	5.191162	0.000013	0.000015	0.000002
335	19	11	5.191270	5.191175	0.000014	0.000013	0.000001
336	19	12	5.191290	5.191196	0.000020	0.000021	0.000001
337	19	13	5.191306	5.191211	0.000016	0.000015	0.000001
338	19	14	5.191325	5.191231	0.000019	0.000020	0.000001
339	19	15	5.191340	5.191245	0.000015	0.000014	0.000001
340	19	16	5.191358	5.191264	0.000018	0.000019	0.000001
341	19	17	5.191373	5.191277	0.000015	0.000013	0.000002
342	19	18	5.191390	5.191295	0.000017	0.000018	0.000001
343	20	1	5.479559	5.479482	0.000000	0.000000	0.000000
344	20	2	5.479607	5.479513	0.000048	0.000031	0.000017
345	20	3	5.479628	5.479533	0.000021	0.000020	0.000001
346	20	4	5.479643	5.479548	0.000015	0.000015	0.000000
347	20	5	5.479681	5.479588	0.000038	0.000040	0.000002
348	20	6	5.479697	5.479602	0.000016	0.000014	0.000002
349	20	7	5.479710	5.479615	0.000013	0.000013	0.000000
350	20	8	5.479723	5.479628	0.000013	0.000013	0.000000
351	20	9	5.479736	5.479641	0.000013	0.000013	0.000000
352	20	10	5.479749	5.479654	0.000013	0.000013	0.000000
353	20	11	5.479762	5.479667	0.000013	0.000013	0.000000
354	20	12	5.479775	5.479682	0.000013	0.000015	0.000002
355	20	13	5.479790	5.479695	0.000015	0.000013	0.000002
356	20	14	5.479803	5.479709	0.000013	0.000014	0.000001
357	20	15	5.479818	5.479724	0.000015	0.000015	0.000000
358	20	16	5.479832	5.479738	0.000014	0.000014	0.000000
359	20	17	5.479846	5.479751	0.000014	0.000013	0.000001
360	20	18	5.479860	5.479765	0.000014	0.000014	0.000000
361	21	1	5.768039	5.767960	0.000000	0.000000	0.000000
362	21	2	5.768083	5.767989	0.000044	0.000029	0.000015
363	21	3	5.768103	5.768008	0.000020	0.000019	0.000001
364	21	4	5.768120	5.768025	0.000017	0.000017	0.000000
365	21	5	5.768133	5.768038	0.000013	0.000013	0.000000
366	21	6	5.768146	5.768052	0.000013	0.000014	0.000001
367	21	7	5.768160	5.768064	0.000014	0.000012	0.000002
368	21	8	5.768173	5.768077	0.000013	0.000013	0.000000
369	21	9	5.768186	5.768092	0.000013	0.000015	0.000002
370	21	10	5.768200	5.768104	0.000014	0.000012	0.000002
371	21	11	5.768213	5.768118	0.000013	0.000014	0.000001
372	21	12	5.768226	5.768131	0.000013	0.000013	0.000000
373	21	13	5.768243	5.768149	0.000017	0.000018	0.000001
374	21	14	5.768258	5.768164	0.000015	0.000015	0.000000
375	21	15	5.768272	5.768177	0.000014	0.000013	0.000001
376	21	16	5.768290	5.768197	0.000018	0.000020	0.000002
377	21	17	5.768305	5.768210	0.000015	0.000013	0.000002
378	21	18	5.768319	5.768224	0.000014	0.000014	0.000000
379	22	1	6.056499	6.056420	0.000000	0.000000	0.000000
380	22	2	6.056543	6.056449	0.000044	0.000029	0.000015
381	22	3	6.056564	6.056469	0.000021	0.000020	0.000001
382	22	4	6.056581	6.056485	0.000017	0.000016	0.000001
383	22	5	6.056594	6.056499	0.000013	0.000014	0.000001
384	22	6	6.056608	6.056512	0.000014	0.000013	0.000001
385	22	7	6.056621	6.056526	0.000013	0.000014	0.000001
386	22	8	6.056634	6.056539	0.000013	0.000013	0.000000
387	22	9	6.056647	6.056579	0.000013	0.000040	0.000027
388	22	10	6.056690	6.056596	0.000043	0.000017	0.000026
389	22	11	6.056704	6.056609	0.000014	0.000013	0.000001
390	22	12	6.056717	6.056622	0.000013	0.000013	0.000000
391	22	13	6.056738	6.056643	0.000021	0.000021	0.000000
392	22	14	6.056752	6.056657	0.000014	0.000014	0.000000
393	22	15	6.056765	6.056670	0.000013	0.000013	0.000000
394	22	16	6.056779	6.056683	0.000014	0.000013	0.000001
395	22	17	6.056792	6.056696	0.000013	0.000013	0.000000
396	22	18	6.056804	6.056708	0.000012	0.000012	0.000000
397	23	1	6.344611	6.344525	0.000000	0.000000	0.000000
398	23	2	6.344696	6.344599	0.000085	0.000074	0.000011
399	23	3	6.344715	6.344618	0.000019	0.000019	0.000000
400	23	4	6.344731	6.344633	0.000016	0.000015	0.000001
401	23	5	6.344746	6.344649	0.000015	0.000016	0.000001
402	23	6	6.344761	6.344663	0.000015	0.000014	0.000001
403	23	7	6.344777	6.344679	0.000016	0.000016	0.000000
404	23	8	6.344787	6.344689	0.000010	0.000010	0.000000
405	23	9	6.344797	6.344699	0.000010	0.000010	0.000000
406	23	10	6.344807	6.344709	0.000010	0.000010	0.000000
407	23	11	6.344816	6.344719	0.000009	0.000010	0.000001
408	23	12	6.344825	6.344727	0.000009	0.000008	0.000001
409	23	13	6.344832	6.344734	0.000007	0.000007	0.000000
410	23	14	6.344840	6.344742	0.000008	0.000008	0.000000
411	23	15	6.344848	6.344750	0.000008	0.000008	0.000000
412	23	16	6.344856	6.344757	0.000008	0.000007	0.000001
413	23	17	6.344863	6.344764	0.000007	0.000007	0.000000
414	23	18	6.344869	6.344771	0.000006	0.000007	0.000001
415	24	1	6.633063	6.632983	0.000000	0.000000	0.000000
416	24	2	6.633195	6.633104	0.000132	0.000121	0.000011
417	24	3	6.633237	6.633144	0.000042	0.000040	0.000002
418	24	4	6.633272	6.633178	0.000035	0.000034	0.000001
419	24	5	6.633306	6.633213	0.000034	0.000035	0.000001
420	24	6	6.633327	6.633234	0.000021	0.000021	0.000000
421	24	7	6.633343	6.633248	0.000016	0.000014	0.000002
422	24	8	6.633356	6.633262	0.000013	0.000014	0.000001
423	24	9	6.633371	6.633276	0.000015	0.000014	0.000001
424	24	10	6.633384	6.633290	0.000013	0.000014	0.000001
425	24	11	6.633399	6.633304	0.000015	0.000014	0.000001
426	24	12	6.633417	6.633322	0.000018	0.000018	0.000000
427	24	13	6.633430	6.633335	0.000013	0.000013	0.000000
428	24	14	6.633447	6.633352	0.000017	0.000017	0.000000
429	24	15	6.633460	6.633364	0.000013	0.000012	0.000001
430	24	16	6.633473	6.633379	0.000013	0.000015	0.000002
431	24	17	6.633488	6.633392	0.000015	0.000013	0.000002
432	24	18	6.633500	6.633404	0.000012	0.000012	0.000000
433	25	1	6.921679	6.921598	0.000000	0.000000	0.000000
434	25	2	6.921726	6.921633	0.000047	0.000035	0.000012
435	25	3	6.921746	6.921651	0.000020	0.000018	0.000002
436	25	4	6.921761	6.921666	0.000015	0.000015	0.000000
437	25	5	6.921775	6.921681	0.000014	0.000015	0.000001
438	25	6	6.921790	6.921695	0.000015	0.000014	0.000001
439	25	7	6.921803	6.921708	0.000013	0.000013	0.000000
440	25	8	6.921817	6.921721	0.000014	0.000013	0.000001
441	25	9	6.921830	6.921735	0.000013	0.000014	0.000001
442	25	10	6.921849	6.921754	0.000019	0.000019	0.000000
443	25	11	6.921868	6.921773	0.000019	0.000019	0.000000
444	25	12	6.921884	6.921789	0.000016	0.000016	0.000000
445	25	13	6.921901	6.921805	0.000017	0.000016	0.000001
446	25	14	6.921917	6.921822	0.000016	0.000017	0.000001
447	25	15	6.921933	6.921838	0.000016	0.000016	0.000000
448	25	16	6.921950	6.921854	0.000017	0.000016	0.000001
449	25	17	6.921966	6.921871	0.000016	0.000017	0.000001
450	25	18	6.921983	6.921888	0.000017	0.000017	0.000000
451	26	1	7.210174	7.210095	0.000000	0.000000	0.000000
452	26	2	7.210215	7.210121	0.000041	0.000026	0.000015
453	26	3	7.210237	7.210144	0.000022	0.000023	0.000001
454	26	4	7.210253	7.210158	0.000016	0.000014	0.000002
455	26	5	7.210266	7.210173	0.000013	0.000015	0.000002
456	26	6	7.210282	7.210188	0.000016	0.000015	0.000001
457	26	7	7.210296	7.210202	0.000014	0.000014	0.000000
458	26	8	7.210310	7.210304	0.000014	0.000102	0.000088
459	26	9	7.210422	7.210329	0.000112	0.000025	0.000087
460	26	10	7.210438	7.210345	0.000016	0.000016	0.000000
461	26	11	7.210453	7.210358	0.000015	0.000013	0.000002
462	26	12	7.210467	7.210372	0.000014	0.000014	0.000000
463	26	13	7.210480	7.210386	0.000013	0.000014	0.000001
464	26	14	7.210494	7.210405	0.000014	0.000019	0.000005
465	26	15	7.210514	7.210419	0.000020	0.000014	0.000006
466	26	16	7.210528	7.210433	0.000014	0.000014	0.000000
467	26	17	7.210542	7.210447	0.000014	0.000014	0.000000
468	26	18	7.210555	7.210460	0.000013	0.000013	0.000000
469	27	1	7.498773	7.498695	0.000000	0.000000	0.000000
470	27	2	7.498820	7.498726	0.000047	0.000031	0.000016
471	27	3	7.498843	7.498748	0.000023	0.000022	0.000001
472	27	4	7.498858	7.498764	0.000015	0.000016	0.000001
473	27	5	7.498872	7.498777	0.000014	0.000013	0.000001
474	27	6	7.498885	7.498790	0.000013	0.000013	0.000000
475	27	7	7.498899	7.498805	0.000014	0.000015	0.000001
476	27	8	7.498913	7.498819	0.000014	0.000014	0.000000
477	27	9	7.498927	7.498833	0.000014	0.000014	0.000000
478	27	10	7.498942	7.498848	0.000015	0.000015	0.000000
479	27	11	7.498956	7.498862	0.000014	0.000014	0.000000
480	27	12	7.498971	7.498876	0.000015	0.000014	0.000001
481	27	13	7.498996	7.498902	0.000025	0.000026	0.000001
482	27	14	7.499010	7.498916	0.000014	0.000014	0.000000
483	27	15	7.499031	7.498936	0.000021	0.000020	0.000001
484	27	16	7.499045	7.498950	0.000014	0.000014	0.000000
485	27	17	7.499063	7.498968	0.000018	0.000018	0.000000
486	27	18	7.499077	7.498981	0.000014	0.000013	0.000001
487	28	1	7.787295	7.787215	0.000000	0.000000	0.000000
488	28	2	7.787337	7.787244	0.000042	0.000029	0.000013
489	28	3	7.787359	7.787264	0.000022	0.000020	0.000002
490	28	4	7.787374	7.787279	0.000015	0.000015	0.000000
491	28	5	7.787388	7.787292	0.000014	0.000013	0.000001
492	28	6	7.787401	7.787306	0.000013	0.000014	0.000001
493	28	7	7.787414	7.787319	0.000013	0.000013	0.000000
494	28	8	7.787427	7.787332	0.000013	0.000013	0.000000
495	28	9	7.787440	7.787345	0.000013	0.000013	0.000000
496	28	10	7.787453	7.787358	0.000013	0.000013	0.000000
497	28	11	7.787466	7.787371	0.000013	0.000013	0.000000
498	28	12	7.787479	7.787384	0.000013	0.000013	0.000000
499	28	13	7.787497	7.787402	0.000018	0.000018	0.000000
500	28	14	7.787510	7.787415	0.000013	0.000013	0.000000
501	28	15	7.787531	7.787436	0.000021	0.000021	0.000000
502	28	16	7.787544	7.787449	0.000013	0.000013	0.000000
503	28	17	7.787563	7.787468	0.000019	0.000019	0.000000
504	28	18	7.787577	7.787481	0.000014	0.000013	0.000001
505	29	1	8.075782	8.075702	0.000000	0.000000	0.000000
506	29	2	8.075825	8.075731	0.000043	0.000029	0.000014
507	29	3	8.075845	8.075750	0.000020	0.000019	0.000001
508	29	4	8.075862	8.075767	0.000017	0.000017	0.000000
509	29	5	8.075875	8.075780	0.000013	0.000013	0.000000
510	29	6	8.075889	8.075794	0.000014	0.000014	0.000000
511	29	7	8.075902	8.075807	0.000013	0.000013	0.000000
512	29	8	8.075914	8.075819	0.000012	0.000012	0.000000
513	29	9	8.075927	8.075832	0.000013	0.000013	0.000000
514	29	10	8.075940	8.075844	0.000013	0.000012	0.000001
515	29	11	8.075952	8.075856	0.000012	0.000012	0.000000
516	29	12	8.075968	8.075874	0.000016	0.000018	0.000002
517	29	13	8.075982	8.075887	0.000014	0.000013	0.000001
518	29	14	8.075998	8.075903	0.000016	0.000016	0.000000
519	29	15	8.076016	8.075921	0.000018	0.000018	0.000000
520	29	16	8.076032	8.075937	0.000016	0.000016	0.000000
521	29	17	8.076049	8.075953	0.000017	0.000016	0.000001
522	29	18	8.076065	8.075970	0.000016	0.000017	0.000001
523	30	1	8.363883	8.363795	0.000000	0.000000	0.000000
524	30	2	8.363954	8.363858	0.000071	0.000063	0.000008
525	30	3	8.363975	8.363878	0.000021	0.000020	0.000001
526	30	4	8.363992	8.363894	0.000017	0.000016	0.000001
527	30	5	8.364007	8.363909	0.000015	0.000015	0.000000
528	30	6	8.364022	8.363924	0.000015	0.000015	0.000000
529	30	7	8.364032	8.363935	0.000010	0.000011	0.000001
530	30	8	8.364042	8.363945	0.000010	0.000010	0.000000
531	30	9	8.364053	8.363955	0.000011	0.000010	0.000001
532	30	10	8.364062	8.363964	0.000009	0.000009	0.000000
533	30	11	8.364071	8.363974	0.000009	0.000010	0.000001
534	30	12	8.364079	8.363981	0.000008	0.000007	0.000001
535	30	13	8.364086	8.363988	0.000007	0.000007	0.000000
536	30	14	8.364093	8.363995	0.000007	0.000007	0.000000
537	30	15	8.364102	8.364004	0.000009	0.000009	0.000000
538	30	16	8.364109	8.364010	0.000007	0.000006	0.000001
539	30	17	8.364117	8.364019	0.000008	0.000009	0.000001
540	30	18	8.364124	8.364026	0.000007	0.000007	0.000000
541	31	1	8.652314	8.652236	0.000000	0.000000	0.000000
542	31	2	8.652461	8.652370	0.000147	0.000134	0.000013
543	31	3	8.652502	8.652409	0.000041	0.000039	0.000002
544	31	4	8.652537	8.652443	0.000035	0.000034	0.000001
545	31	5	8.652572	8.652478	0.000035	0.000035	0.000000
546	31	6	8.652590	8.652496	0.000018	0.000018	0.000000
547	31	7	8.652604	8.652509	0.000014	0.000013	0.000001
548	31	8	8.652617	8.652522	0.000013	0.000013	0.000000
549	31	9	8.652630	8.652534	0.000013	0.000012	0.000001
550	31	10	8.652647	8.652607	0.000017	0.000073	0.000056
551	31	11	8.652720	8.652626	0.000073	0.000019	0.000054
552	31	12	8.652736	8.652640	0.000016	0.000014	0.000002
553	31	13	8.652749	8.652654	0.000013	0.000014	0.000001
554	31	14	8.652762	8.652666	0.000013	0.000012	0.000001
555	31	15	8.652782	8.652686	0.000020	0.000020	0.000000
556	31	16	8.652794	8.652699	0.000012	0.000013	0.000001
557	31	17	8.652811	8.652716	0.000017	0.000017	0.000000
558	31	18	8.652824	8.652729	0.000013	0.000013	0.000000
559	32	1	8.941007	8.940927	0.000000	0.000000	0.000000
560	32	2	8.941051	8.940959	0.000044	0.000032	0.000012
561	32	3	8.941072	8.940978	0.000021	0.000019	0.000002
562	32	4	8.941089	8.940994	0.000017	0.000016	0.000001
563	32	5	8.941102	8.941008	0.000013	0.000014	0.000001
564	32	6	8.941116	8.941021	0.000014	0.000013	0.000001
565	32	7	8.941129	8.941036	0.000013	0.000015	0.000002
566	32	8	8.941144	8.941049	0.000015	0.000013	0.000002
567	32	9	8.941157	8.941063	0.000013	0.000014	0.000001
568	32	10	8.941171	8.941077	0.000014	0.000014	0.000000
569	32	11	8.941185	8.941090	0.000014	0.000013	0.000001
570	32	12	8.941210	8.941116	0.000025	0.000026	0.000001
571	32	13	8.941224	8.941129	0.000014	0.000013	0.000001
572	32	14	8.941245	8.941150	0.000021	0.000021	0.000000
573	32	15	8.941259	8.941164	0.000014	0.000014	0.000000
574	32	16	8.941278	8.941183	0.000019	0.000019	0.000000
575	32	17	8.941292	8.941197	0.000014	0.000014	0.000000
576	32	18	8.941310	8.941215	0.000018	0.000018	0.000000
577	33	1	9.229490	9.229411	0.000000	0.000000	0.000000
578	33	2	9.229536	9.229443	0.000046	0.000032	0.000014
579	33	3	9.229556	9.229461	0.000020	0.000018	0.000002
580	33	4	9.229573	9.229478	0.000017	0.000017	0.000000
581	33	5	9.229587	9.229492	0.000014	0.000014	0.000000
582	33	6	9.229601	9.229508	0.000014	0.000016	0.000002
583	33	7	9.229616	9.229522	0.000015	0.000014	0.000001
584	33	8	9.229631	9.229536	0.000015	0.000014	0.000001
585	33	9	9.229645	9.229582	0.000014	0.000046	0.000032
586	33	10	9.229695	9.229602	0.000050	0.000020	0.000030
587	33	11	9.229717	9.229623	0.000022	0.000021	0.000001
588	33	12	9.229731	9.229636	0.000014	0.000013	0.000001
589	33	13	9.229748	9.229654	0.000017	0.000018	0.000001
590	33	14	9.229762	9.229666	0.000014	0.000012	0.000002
591	33	15	9.229779	9.229684	0.000017	0.000018	0.000001
592	33	16	9.229793	9.229697	0.000014	0.000013	0.000001
593	33	17	9.229810	9.229716	0.000017	0.000019	0.000002
594	33	18	9.229824	9.229728	0.000014	0.000012	0.000002
595	34	1	9.517743	9.517665	0.000000	0.000000	0.000000
596	34	2	9.517787	9.517694	0.000044	0.000029	0.000015
597	34	3	9.517807	9.517713	0.000020	0.000019	0.000001
598	34	4	9.517824	9.517730	0.000017	0.000017	0.000000
599	34	5	9.517838	9.517743	0.000014	0.000013	0.000001
600	34	6	9.517852	9.517757	0.000014	0.000014	0.000000
601	34	7	9.517865	9.517770	0.000013	0.000013	0.000000
602	34	8	9.517877	9.517782	0.000012	0.000012	0.000000
603	34	9	9.517890	9.517796	0.000013	0.000014	0.000001
604	34	10	9.517904	9.517809	0.000014	0.000013	0.000001
605	34	11	9.517917	9.517822	0.000013	0.000013	0.000000
606	34	12	9.517930	9.517835	0.000013	0.000013	0.000000
607	34	13	9.517943	9.517847	0.000013	0.000012	0.000001
608	34	14	9.517959	9.517865	0.000016	0.000018	0.000002
609	34	15	9.517974	9.517878	0.000015	0.000013	0.000002
610	34	16	9.517993	9.517903	0.000019	0.000025	0.000006
611	34	17	9.518013	9.517918	0.000020	0.000015	0.000005
612	34	18	9.518028	9.517933	0.000015	0.000015	0.000000
613	35	1	9.806249	9.806168	0.000000	0.000000	0.000000
614	35	2	9.806293	9.806199	0.000044	0.000031	0.000013
615	35	3	9.806314	9.806219	0.000021	0.000020	0.000001
616	35	4	9.806331	9.806236	0.000017	0.000017	0.000000
617	35	5	9.806345	9.806249	0.000014	0.000013	0.000001
618	35	6	9.806357	9.806262	0.000012	0.000013	0.000001
619	35	7	9.806371	9.806276	0.000014	0.000014	0.000000
620	35	8	9.806384	9.806289	0.000013	0.000013	0.000000
621	35	9	9.806398	9.806303	0.000014	0.000014	0.000000
622	35	10	9.806411	9.806316	0.000013	0.000013	0.000000
623	35	11	9.806424	9.806329	0.000013	0.000013	0.000000
624	35	12	9.806438	9.806342	0.000014	0.000013	0.000001
625	35	13	9.806451	9.806355	0.000013	0.000013	0.000000
626	35	14	9.806463	9.806368	0.000012	0.000013	0.000001
627	35	15	9.806487	9.806392	0.000024	0.000024	0.000000
628	35	16	9.806500	9.806405	0.000013	0.000013	0.000000
629	35	17	9.806513	9.806418	0.000013	0.000013	0.000000
630	35	18	9.806530	9.806435	0.000017	0.000017	0.000000
631	36	1	10.094726	10.094648	0.000000	0.000000	0.000000
632	36	2	10.094773	10.094680	0.000047	0.000032	0.000015
633	36	3	10.094795	10.094700	0.000022	0.000020	0.000002
634	36	4	10.094810	10.094715	0.000015	0.000015	0.000000
635	36	5	10.094823	10.094729	0.000013	0.000014	0.000001
636	36	6	10.094837	10.094742	0.000014	0.000013	0.000001
637	36	7	10.094851	10.094756	0.000014	0.000014	0.000000
638	36	8	10.094864	10.094768	0.000013	0.000012	0.000001
639	36	9	10.094877	10.094781	0.000013	0.000013	0.000000
640	36	10	10.094890	10.094795	0.000013	0.000014	0.000001
641	36	11	10.094903	10.094808	0.000013	0.000013	0.000000
642	36	12	10.094916	10.094821	0.000013	0.000013	0.000000
643	36	13	10.094934	10.094839	0.000018	0.000018	0.000000
644	36	14	10.094948	10.094853	0.000014	0.000014	0.000000
645	36	15	10.094967	10.094872	0.000019	0.000019	0.000000
646	36	16	10.094981	10.094885	0.000014	0.000013	0.000001
647	36	17	10.094999	10.094904	0.000018	0.000019	0.000001
648	36	18	10.095012	10.094917	0.000013	0.000013	0.000000
